GLOBAL VERTEX COORDINATES, ORIENTATIONS, AND ROTATION/OFFSET MATRICES:

Reference Surface: 16

Surf           	R11           	R12            	R13                 	X          	   Tilt X
               	R21            	R22            	R23                 	Y          	   Tilt Y
               	R31            	R32            	R33                 	Z          	   Tilt Z

  0 	  0.0000311683 	  0.0000000000 	 -0.9999999995 	  2.621684694E+03 	  0.000000000E+00 	
    	  0.0000000000 	  1.0000000000 	  0.0000000000 	  1.827800000E+02 	 -8.999821419E+01
    	  0.9999999995 	  0.0000000000 	  0.0000311683 	  1.109571056E+03 	  0.000000000E+00

  1 	 -0.2587889387 	  0.0000000000 	 -0.9659338928 	  3.071846948E+02 	 -1.800000000E+02 	Dichroic
    	  0.0000000000 	  1.0000000000 	  0.0000000000 	  1.827800000E+02 	 -7.500178581E+01
    	  0.9659338928 	  0.0000000000 	 -0.2587889387 	  1.109643195E+03 	 -1.800000000E+02

  2 	 -0.4999730072 	  0.0000000000 	 -0.8660409875 	  3.334446108E+02 	 -1.800000000E+02 	OAP
    	  0.0000000000 	  1.0000000000 	  0.0000000000 	  1.827800000E+02 	 -6.000178581E+01
    	  0.8660409875 	  0.0000000000 	 -0.4999730072 	  1.271447603E+03 	 -1.800000000E+02

  3 	  0.0000000000 	  0.0000000000 	 -1.0000000000 	  4.018520000E+02 	  0.000000000E+00 	
    	  0.0000000000 	  1.0000000000 	  0.0000000000 	  1.827800000E+02 	 -9.000000000E+01
    	  1.0000000000 	  0.0000000000 	  0.0000000000 	  1.152954000E+03 	  0.000000000E+00

  4 	  0.0000000000 	  0.0000000000 	 -1.0000000000 	  1.281900000E+02 	  0.000000000E+00 	Star image plane
    	  0.0000000000 	  1.0000000000 	  0.0000000000 	  1.827800000E+02 	 -9.000000000E+01
    	  1.0000000000 	  0.0000000000 	  0.0000000000 	  1.152954000E+03 	  0.000000000E+00

  5 	  0.0000000000 	  0.0000000000 	 -1.0000000000 	  9.956000000E+01 	  0.000000000E+00 	Collimating lens
    	  0.0000000000 	  1.0000000000 	  0.0000000000 	  1.827800000E+02 	 -9.000000000E+01
    	  1.0000000000 	  0.0000000000 	  0.0000000000 	  1.152954000E+03 	  0.000000000E+00

  6 	  0.0000000000 	  0.0000000000 	 -1.0000000000 	  9.640000000E+01 	  0.000000000E+00 	LA1289-C
    	  0.0000000000 	  1.0000000000 	  0.0000000000 	  1.827800000E+02 	 -9.000000000E+01
    	  1.0000000000 	  0.0000000000 	  0.0000000000 	  1.152954000E+03 	  0.000000000E+00

  7 	  0.0000000000 	  0.0000000000 	 -1.0000000000 	  0.000000000E+00 	  0.000000000E+00 	
    	  0.0000000000 	  1.0000000000 	  0.0000000000 	  1.827800000E+02 	 -9.000000000E+01
    	  1.0000000000 	  0.0000000000 	  0.0000000000 	  1.152954000E+03 	  0.000000000E+00

  8 	  0.7071067812 	  0.0000000000 	 -0.7071067812 	  0.000000000E+00 	  0.000000000E+00 	Knife
    	  0.0000000000 	  1.0000000000 	  0.0000000000 	  1.827800000E+02 	 -4.500000000E+01
    	  0.7071067812 	  0.0000000000 	  0.7071067812 	  1.152954000E+03 	  0.000000000E+00

  9 	  1.0000000000 	  0.0000000000 	  0.0000000000 	  0.000000000E+00 	  0.000000000E+00 	
    	  0.0000000000 	  1.0000000000 	  0.0000000000 	  1.827800000E+02 	  0.000000000E+00
    	  0.0000000000 	  0.0000000000 	  1.0000000000 	  1.152954000E+03 	  0.000000000E+00

 10 	  1.0000000000 	  0.0000000000 	  0.0000000000 	  0.000000000E+00 	  4.500000000E+01 	Upper Periscope
    	  0.0000000000 	  0.7071067812 	 -0.7071067812 	  1.827800000E+02 	  0.000000000E+00
    	  0.0000000000 	  0.7071067812 	  0.7071067812 	  3.875400000E+01 	  0.000000000E+00

 11 	  1.0000000000 	  0.0000000000 	  0.0000000000 	  0.000000000E+00 	  9.000000000E+01 	LA1708-C
    	  0.0000000000 	  0.0000000000 	 -1.0000000000 	  1.677800000E+02 	  0.000000000E+00
    	  0.0000000000 	  1.0000000000 	  0.0000000000 	  3.875400000E+01 	  0.000000000E+00

 12 	  1.0000000000 	  0.0000000000 	  0.0000000000 	  0.000000000E+00 	  9.000000000E+01 	
    	  0.0000000000 	  0.0000000000 	 -1.0000000000 	  1.650000000E+02 	  0.000000000E+00
    	  0.0000000000 	  1.0000000000 	  0.0000000000 	  3.875400000E+01 	  0.000000000E+00

 13 	  1.0000000000 	  0.0000000000 	  0.0000000000 	  0.000000000E+00 	  4.500000000E+01 	
    	  0.0000000000 	  0.7071067812 	 -0.7071067812 	  0.000000000E+00 	  0.000000000E+00
    	  0.0000000000 	  0.7071067812 	  0.7071067812 	  3.875400000E+01 	  0.000000000E+00

 14 	  1.0000000000 	  0.0000000000 	  0.0000000000 	  0.000000000E+00 	  4.500000000E+01 	Lower Periscope
    	  0.0000000000 	  0.7071067812 	 -0.7071067812 	  0.000000000E+00 	  0.000000000E+00
    	  0.0000000000 	  0.7071067812 	  0.7071067812 	  3.875400000E+01 	  0.000000000E+00

 15 	  1.0000000000 	  0.0000000000 	  0.0000000000 	  0.000000000E+00 	  0.000000000E+00 	
    	  0.0000000000 	  1.0000000000 	  0.0000000000 	  0.000000000E+00 	  0.000000000E+00
    	  0.0000000000 	  0.0000000000 	  1.0000000000 	  3.875400000E+01 	  0.000000000E+00

 16 	  1.0000000000 	  0.0000000000 	  0.0000000000 	  0.000000000E+00 	  0.000000000E+00 	Cold Stop
    	  0.0000000000 	  1.0000000000 	  0.0000000000 	  0.000000000E+00 	  0.000000000E+00
    	  0.0000000000 	  0.0000000000 	  1.0000000000 	  0.000000000E+00 	  0.000000000E+00

 17 	  1.0000000000 	  0.0000000000 	  0.0000000000 	  0.000000000E+00 	  0.000000000E+00 	
    	  0.0000000000 	  1.0000000000 	  0.0000000000 	  0.000000000E+00 	  0.000000000E+00
    	  0.0000000000 	  0.0000000000 	  1.0000000000 	 -4.031000000E+01 	  0.000000000E+00